0.0059188931445590745,0.013947238196935724,0.0018270211499668478,0.006991856591858621,-0.012106558036751928,0.032146912276097006,-0.0001479054770696913,0.036226612094970675
-0.005387880002493478,0.009253887320151474,0.0008211416163477309,-0.0029124283025137613,0.03282800637504535,-0.0057023388034317425,-0.013965585685190397,-0.00035161586330661044
-0.007031194285715053,0.0292718584589526,-0.06035469823381387,-0.010557964663531042,-0.058285657794156245,-0.029382781388788082,0.015899564104508643,-0.002722303242000495
-0.02933302390211784,0.011154499421266131,-0.022104569524008813,0.027691851938140128,-0.05877748711220142,-0.05647633683338096,-0.0774532655851739,-4.452295685361112e-05
-0.0011429411224857518,-0.005057771210305347,-8.003692084644263e-05,0.004422733771959793,-0.008003415880360066,-0.00015274117821976508,-0.009229067329867429,-0.0013129868327296959
-0.0032462180288977556,-0.004342871624641512,-0.0007924812715715868,0.0009678172869213224,-0.004043489800327375,-4.12867101174854e-05,-0.0005374877108817989,6.949075662405132e-05
0.002567012865445765,0.014733345836523602,-0.00045280042348708194,0.009187884399957968,-0.0074597902920364445,0.0001265210380352461,0.14247128104035367,-0.029675414147175526
0.007395045835672201,0.007786955022503643,0.027332513552474413,0.010953685643929493,0.02886898955999374,0.00023542122433581325,0.022625930625783438,0.0002048217688648338
0.009618235424344045,0.026447380999864642,0.0002703331232906352,0.018217163057784164,0.001309180745964418,0.036783883822085514,-0.12476928765848719,0.08526203387053703
-0.013351910149016478,-0.006145947193290677,-0.002200994484240841,-0.01073048104666567,-0.0031613596358950353,-0.04592257916785351,-0.022313107390752894,-0.0007212988813969378
0.02689912707255211,-0.0038579430079564254,-0.011496241851213783,-0.01807549693660522,0.005545225397836383,0.025898466317194575,-0.006103439345361681,-0.0029286295416265104
-0.0029393328374024887,0.059973846533446215,0.07517021519511573,0.04575852045449898,0.0055300676965713055,0.03894672214925546,0.031150115534856956,0.0002258223603004803
-0.001726911491438615,-0.0020895120004828967,-3.062240010438112e-05,0.0008019971043257515,0.0007546245547337851,-0.00017346797985372264,0.0006191368988244648,0.002973471610403052
-0.00033266771249010926,0.00129452242838967,0.00027849213798848243,-0.0008619375947519027,0.0003530023604440851,0.00012433109717258266,0.004650264919367995,-5.599074565588962e-06
-0.004749358445870318,-0.01651399725923399,-0.0008386701194093981,-0.007919281358525584,0.0008629659263930323,-0.00010035822954526195,0.010377028457138882,0.009855632891233423
0.001261717896730267,-0.009498056818239758,-0.007509735201976954,-0.0003460416366455124,-0.002647740443246245,-0.00016580460504043228,-0.008216063520717784,-0.00010361741439563884
0.005334396614790715,0.017487035964377735,0.002444944237978225,0.010358454924260928,-0.1508543121842911,0.02146082876178202,0.00024530901994252287,0.01977941931862373
0.0028912888955310834,0.00661876148390974,-0.0014590114565435853,0.005416601212834549,0.023388764344271062,0.010615787695708687,0.003103496754014297,-0.00012294069746104612
-0.017634765976673874,-0.1063594267519219,-0.07994188887928035,-0.013910889505137818,-0.0831362830207472,0.1241210873985849,-0.003912335131956993,-0.11519075164540275
0.012744165950253626,0.0547590547342476,0.05263065848099774,0.04806212466173328,0.06179642665623591,0.06476217157156591,0.01663119793192867,0.0013833913933123782
-0.002773178493860775,-0.003002890154729999,0.005346235866793299,0.0013325128166576216,0.002990699442076891,-2.1365986949473542e-05,0.0019816058727300215,0.00908346034381174
-0.0010816956235970032,-0.002073818734211699,1.7319439106340682e-05,-0.0008122795767373265,0.0017381033638518045,-9.466202390763655e-05,0.00016009291539231026,-4.715464315786139e-05
-0.07577169271358652,-0.19588145350972835,-0.18025178685054513,-0.06003466013017968,-0.15478006886748003,-0.0005722969502265359,-0.03154330497174664,-0.1741450102696683
-0.002358764344739973,-0.007808376464177064,-0.0003045195243037658,0.00126736072000683,-0.005709968476315549,-0.00035978704900189085,-0.005123322535398577,0.002000558497290369
0.06588461703560526,0.14335169713068024,0.004543932940892317,0.06473301206541025,0.01470863447579952,0.18951399603954253,0.027771134715899308,0.20885564304509818
0.0011317528288143754,0.005814295910834561,-0.00023666732961487232,0.01502144562507475,-0.00218876720429866,-0.012936002828437333,0.005167809510822443,-0.002187195179646953
0.012758667978348723,0.029046321289823433,-0.15212904563236188,0.012545995864452989,0.008140518183347802,0.04594522433919232,0.0015305794302750446,0.042172126048897286
0.02800581608802416,0.05113750596740173,0.011672012848474491,0.03507320839079112,-0.005962094651785726,-0.008999779422307688,-0.006831497064834865,-0.00028905342450425607
-0.001998515438950119,-0.008143860575335848,0.00022994892166596997,-0.00018630654367574187,-0.0002256943013482063,-0.0007475391127047263,-0.00014462407709703006,0.007789569414474335
-0.0011621630630388288,-0.005457731761581637,-0.00023748692260076323,-0.0002740387281213975,-0.00021195775609583755,-1.898211943157749e-05,-0.000998707735076999,-7.471294901780809e-05
-0.020147609899080543,-0.032309963063554645,-0.012384385860183861,-0.01746380055687306,0.014987225324583485,-0.0002576670216505433,-0.0021930195813274125,-0.012485612930354667
-0.0009383904920949438,0.001442983722892191,0.007691183304230222,0.0010899834893541554,0.0005904795939779056,-6.276866456030191e-05,0.0018518613916336446,0.00019310971483399453
0.0067732869039093275,-0.0006434323825343281,0.0025969583105285928,-0.002882794330005196,-0.0004149131427773241,0.01232999622878175,0.0026784333664010207,0.03145049796702701
-0.0029394456654732405,-0.0005637945394220916,0.001066542397284268,-0.009339250163365075,0.018064023970196165,-0.0199917825244093,-0.01628507129732212,-0.0003547412713537704
0.02114352819175752,-0.0018133770704389669,-0.0760793260231736,0.02315830818599013,-0.09056514745307195,-0.044490336138613126,-0.10116518384934084,-0.02158354761726041
0.036130490152657256,-0.0005754629830597161,-0.02377144928782453,0.025047212045566467,-0.011860341135256153,-0.059950500260444614,-0.0395355783137845,0.00044950579295218503
0.0020018844280159436,0.00023807969181033713,0.0007013813933232981,-0.0013344437312300438,-0.005139361525760101,-8.313574394928836e-05,-0.0074418519293793,-0.0005670963057610445
-0.0020265466984776812,0.00020224336067255983,-0.00039620943763487594,-0.0013333285580890324,0.001403564743885368,3.2066413792583234e-05,0.0014529913193070368,6.464536679109262e-05
-0.0023056722996814766,-0.0011803572908416788,-0.0208809361387983,0.011621902840177062,-0.03790629981506963,0.0001904986902364485,-0.03924166784372091,-0.03693436791045368
0.006200277356661158,-0.00047552724557714337,0.014921188133016253,0.005042282036316213,0.01218471336537702,0.00022873793351721998,0.009375628995637134,0.0005970888648711866
0.011426352082230194,-0.0010482340773619071,-0.0006269136319843267,0.0045516398751214585,9.588114218250863e-05,0.007239124069796082,-0.024298136024749194,0.05162068735315202
-0.010569823454761141,0.0001935286283159289,-2.0949085947380322e-05,-0.010727932964902069,-0.0017681843595640549,-0.03820832539194116,-0.012166441133961788,-0.0005275544999488258
0.03397661933327136,0.00028075357191310456,0.01924082305060732,-0.040766708936722636,0.008489667848181762,0.012813061211573606,0.02187311703083994,0.06336820789842328
0.022375847931028123,-0.0030601896117581706,0.007976748626598201,0.027801594924696697,0.001143139932638013,-0.03376739149773238,0.02357165794017041,-0.0006500729247236534
-0.0009167812354227492,6.952539312633193e-05,-0.0004413510745605747,0.0013002457676965483,0.0004818654008272957,-6.35752613073926e-05,-0.0045647522656364695,0.006483405295646198
-0.00010831831672081571,-9.51545101867559e-05,-5.668117974342412e-05,-0.000168607757242887,-0.000134735019233671,0.00010943211290193642,-0.0011369502864541385,-4.4379721508099126e-05
-8.156998257061697e-05,0.0007581427589896713,0.013863703830748843,-0.0014847518568201845,0.0036022995489487907,-5.231989681210544e-05,-0.0035366300907699382,0.017139175886078432
0.0047851655002837615,0.00045472865872051753,0.0034975538958278447,0.0018026647134078565,-0.0011167488928218894,0.0001069033701364038,0.0012089331327609807,-0.0001394289608140187
-0.0014612755948061509,-0.0005990866377288794,-0.0011594790737647217,0.0004116134600263277,-0.030436706310108756,0.0001744372786608066,-0.0004238041592233557,0.008788410238249743
0.0002875002447361064,-0.00043029636842846145,0.00014869735642965135,-1.655443949110519e-05,0.022583188049643453,0.0014548849506894924,0.003552635149117942,-7.688502806661595e-05
0.01950388848930114,0.005310798629825064,0.04621003579283028,0.02921059008442385,0.04627245052049947,0.030639082665621528,0.021778377825332,0.052217704811883744
0.036148366152875804,-0.002728976532366198,0.0037993938796954257,0.039935984435780024,0.058432045169612645,-0.0006623417457199479,0.008790816341030131,-0.0003664087977618428
-0.0031111151365854407,0.00021691670455621946,-0.00037907362172468173,-0.0008364393937617593,-0.001856010632240686,-1.8280086778671306e-06,0.0016927772303886876,0.01014380397680356
-0.0002537259666860688,7.567983315649854e-05,-0.00014150037696247114,-0.0009812505774822935,-0.0014513247158716633,-5.7008349220422044e-05,-0.0002450444723647278,-5.7119302084060545e-05
0.0008996836734654953,0.009658182391377968,0.01634273270275697,0.010886810911530646,0.0017169864633082167,-0.00018489116383048446,0.008197085172650337,0.021151104294208876
0.004340271656036213,0.0004116057701978688,0.00560714432663416,-0.0008892302194731553,0.003118879511203005,-7.62868652990196e-05,-0.0018911596630891425,-2.2980605563766964e-05
0.027818401311248377,-0.006712939968722704,0.0010908854457171182,-0.010004199745048578,0.0031477258526855594,0.0315624798636448,0.005673264327460902,0.06646628795999894
0.0011678331239972565,-0.00040513567702441303,0.0011190150946694213,0.002996934233951899,-0.002164717234447043,-0.02474886018809889,0.0027555683581479925,-0.000731344753202234
0.00013757865568674553,-0.0010858635364989014,-0.03564964085445647,-0.0017644006617783337,-0.004253158483474812,-0.018018826412478713,-0.0047637455997151966,0.0654084443946914
-0.0006442198681888851,-0.002650659896011814,-0.034541039002795794,0.016175704330274366,-0.005626610735208831,-0.06106622386934069,-0.005164084377730586,-0.0007087161158013625
-0.0009019444135900108,0.00033448235012162005,-0.00042567847572909986,0.0007664996616028907,0.0001861316905054632,-0.0001560752637420203,0.0009907922902902737,0.010591568273978742
2.3377888943245542e-05,0.00019583311476067874,-1.2704675236371532e-05,0.00018835559692497196,0.00010268047315481307,4.11569851081526e-05,0.0002573188740196114,-9.749213862855126e-05
-0.0014063639773031883,0.0017881135909499416,0.012579720471468193,-0.0069830319976604376,4.27214087700018e-05,8.543707505333927e-06,0.000719258507044674,0.022707710254330535
0.002291609741204878,-4.866151648021486e-05,0.0007707554358798946,-0.0001676504970780959,-0.00029229989225088016,0.0001673075124478105,-0.0001675726712202686,-0.00020328899435778175
-0.015929236673997853,0.015521342683902031,0.0004078593900614713,-0.002050112056853466,0.000961753556498485,0.006053897388330026,-0.0003922437565938826,-0.0050448980587926235
0.01453305017465239,0.016181057336277584,-0.001876282973029836,0.0037816088597127893,0.006988960957421962,0.0017970704651123926,0.010132866933080697,0.0001459339786328996
0.015481919223937593,0.1262515673017584,-0.01741261666550967,-0.005621752152212591,0.052143259378433365,0.002034399782975524,-0.01528611662088822,-0.07916115862307489
0.07085479036592915,0.2300319952020261,0.05546488997751472,0.020109928176468877,0.02456992470618169,0.06917187026273865,0.04322043965892823,0.0011913224204663257
0.003197241679582131,0.005549032310991561,0.0003855657023605428,0.003599153773070191,-0.010246495656855543,-5.744344536192502e-05,-0.013296984211114037,-0.009261420305644199
0.0091722481087619,0.00011967305325754404,0.0003538278201320829,0.008291508512780123,0.005871055416733848,-4.434148105956165e-05,0.005978700367207901,0.00019934061930131943
-0.006535715101843791,0.0006294742509063492,-0.013430108569637512,-0.005754494160593069,-0.03164024811548024,-7.213926714333623e-05,-0.08443980856283279,-0.012594370607357871
-0.018649862644928517,0.0035964481090539372,-0.009984551974082293,0.0008171815286678935,0.009503716634092194,-0.00034909442819226673,-0.005613758935892667,0.0003436847953713431
-0.026720156659295204,0.03125917200126947,0.00216960895102454,-0.005752942592059806,-0.0001127699258674866,-0.006148260172010532,0.04093878835495803,0.0014884803152377555
0.034842060659401,0.0033746710103545567,-0.0011305729890133556,0.0030229350446997873,-0.0007273644222468142,0.0005130208533103246,0.019339391395142774,3.751045536046465e-05
-0.07167732175465333,0.017707718685850082,-0.0718350227670461,-0.08414754812390846,-0.005115419766432119,-0.0894094472093253,-0.04711087600985448,-0.10879421172141074
0.005802702519043967,0.14333152589238896,0.03678870123837223,0.02951381846934225,-0.002568299396646126,0.052495275014071655,0.1200097210029679,0.001678724364168219
0.005031459118723745,0.0009848687886416614,-0.00034906921585600194,0.005941450963129638,0.0009297325863327807,-8.849280148197361e-06,-0.0003732511573827533,0.00808113233525757
0.0012660517854093305,0.002419804487658132,0.00043552147217444106,0.0017864156462291637,-0.0005521990622549116,-3.532019218160996e-05,0.0022300026864307985,-5.7589461973993965e-05
0.012407483078931417,-1.1175334737870656e-05,0.009241353979478359,-0.000545913190690277,0.0029420775950404943,0.00032501859594203384,-0.03405439215794316,0.0317506541543342
-0.003643567117861827,0.0023242077609649785,-0.013856710380282522,-0.005752401915323896,-0.0008733899031391496,-0.00026457211126282315,-0.014666161901995305,-0.0002707226906887045
-0.016417261742991802,-0.007552882163159592,-9.064173297744168e-05,-0.010114580002948516,0.04695859387979923,-0.009674041830921227,9.744220119272849e-05,0.007653077705606261
-0.006616922907474437,-0.0025423373539642945,-0.00048453394139871174,0.0032673315798269396,0.017243751071933915,-0.00339064268287671,-0.002227192607865987,-5.835755701520647e-06
0.04324122700758974,0.019082066647135538,0.0001501764918101318,0.008476083529041264,0.01656131637760118,-0.08218163972878897,0.00326486361725711,-0.008583706439670206
-0.03397977381717625,0.1317960787133718,0.01638940803171829,0.020927091276750687,0.10988431626147166,0.009444363904568896,-0.009606850859446067,0.0003905038473514298
0.006640330585201772,-0.005111477694030688,-0.002501111991827074,0.000582160431134515,0.004197175081998383,8.930857192320898e-06,0.00298701526847808,0.01390757521858734
0.0034794520949160794,0.0010425149114088716,-0.00012117391918888298,0.00454139522218602,0.0017398472953418435,-3.1732880974444905e-05,-0.0011810374256645644,-7.540112893171983e-05
0.1922884757849223,0.06431664758153186,0.07054752471028064,0.02409087274866488,0.024560492412409513,0.00030915143664479364,0.018708501890865196,0.08231455982208152
0.006447856694300929,0.015200932736759359,0.0038024604379288266,0.009133265491078225,-0.0005346939430815063,-0.00014703390952811355,0.0014885174225669632,-0.0007934188704275736
-0.17283784407613859,0.012733163394586064,-0.0011141471377612419,-0.04962745576193936,-0.004449262214071488,-0.05624816307322496,-0.008904858298760147,-0.024478465640535033
-0.0017326853912537112,0.007364553812410572,0.0026735266670183857,0.022928519109302124,-0.0016900068936983848,-0.020314240113415823,-0.004238100731767447,0.00033671902639565083
-0.03583539753588977,-0.014998780846274845,0.03234126988648997,-0.009659637347100881,-0.001631940916805922,-0.07347842670020652,0.010505526078749218,0.09276777488301455
-0.07162816910792562,-0.04466315047508765,-0.08218734013077385,0.007350431828805626,-0.010784250475069975,-0.11124745284601381,-0.026347912149120176,-0.0007333242720983215
0.005983051400784775,-0.003932008116504336,-0.0017186278512869501,0.011154361707264087,-0.0004511609007543643,0.00019432972600660594,8.618409626828902e-05,0.011177126479574036
0.003405648229488032,-0.001025594143106707,-0.00022201895328422889,0.003544778630559556,-0.00020355025059201878,3.503010818488429e-05,-0.0004498781733867731,-0.00010091143112613745
0.05120894830986231,0.030873856569942567,0.04904202873607118,-0.0010354335520654234,-0.002375823685092907,0.00026930566213189815,0.00757527648773168,0.05505977823898984
0.002098337242294729,0.012246944400185788,0.00617556771540957,-0.0016659990569517394,-4.139177439283707e-06,0.00036027084207290743,0.0033437757593378875,-0.0005813295903746847
-0.01691273462094881,-0.0009072196018692306,0.004063784531747772,-0.004530095638766376,0.015929696095990833,-0.0044606843535614765,-0.020324101517492768,-0.004247399650204431
0.009548499679451566,-0.0010696093555170479,0.005138666195650899,0.00698683764071424,-0.0053808256334712075,-0.015218581214491456,-0.00604655419486689,0.00012132798119771355
-0.05826722589978152,-0.0067575358288248285,-0.1303372323686354,-0.050374716895537894,-0.0521607483336671,-0.12972904661843915,-0.107813470074588,0.028599595337997524
-0.09400059950243156,-0.012016871125435568,-0.16231836048947149,-0.04468591583646134,-0.0583896664275388,-0.16802947958339898,-0.041299209201790754,-8.768681533972804e-05
-0.004836007951802581,-0.00033319196877917693,0.00022487675243944017,-0.003263992563323809,-0.014623826274652345,-2.568718125290306e-05,-0.022464570994225573,-0.014904180349397644
0.005693186187826549,-3.394521278381039e-05,0.00048582450629977163,0.002691815291791132,0.00811107793555383,3.705526508986335e-05,0.006811064568162979,0.00028518658927725675
0.0038430934186006287,-3.273519088730465e-05,-0.008370782681581526,-0.011678568045273273,-0.0322269475100664,0.0005113080202315623,-0.029600198535399184,-0.009506400736609605
-0.015411454527238496,-0.00023285756232579188,-0.01352824269325297,0.004620903923641316,0.008307463873700615,0.0006691163817520504,0.004355561087097162,0.00026455843653351737
-0.030275783913367542,-0.0016001869879155766,0.0018247601922502942,-0.015318855307307163,-0.0015756240897889242,-0.03778725586510966,0.02494253802878235,-0.027310760272717293
0.027552384340561332,-0.0003576161811338508,0.003510323231012969,-0.001511905449354001,0.0004212284871662423,-0.0006179872154529788,0.022738192211755374,0.0003653416651020649
-0.08758320029307202,-0.0011369555334183323,-0.05816518675590371,-0.078708371545222,0.004745001432782295,-0.1081715622655567,-0.07559881534978,0.021698151100056434
-0.05697009395159447,-0.007790487491884497,-0.10596012873438651,0.007792983369167096,0.005398962412821634,-0.09550646028156784,-0.042084825305711594,-0.00010625197936969344
0.002585328189166505,-0.00011235500332221332,-0.00036452182698175936,0.0033022778009335575,0.0013374024563428265,0.00011429022397385142,-0.004598137936663696,0.009557997457026207
0.0002987032940618096,-0.00016157033803510654,0.0004568553972439402,-0.0007435751801680604,-0.0007399331030868148,-1.5415895149756647e-05,-0.0007130704740569792,-6.487537393471555e-05
-0.00016572405367920769,1.996908757546478e-05,0.010354269582629805,-0.00438562954184144,0.003048732064561322,0.00043872218129234047,-0.0074687251443119025,0.03418073890741588
-0.012542975127002368,-0.0001458623747687847,-0.01372407176525356,-0.0044399830994826285,-0.0007104071278847695,0.0003856358416373864,-0.006155448518988089,-0.0003418524956541028
0.002750149729808681,0.0003240789171311385,0.0009689086674959825,-0.004032136408104993,0.06629606928931578,-0.007108949531105559,0.004471107806355824,0.012963543489021883
0.0003206456366945526,-5.003801133852308e-05,0.003930248272805604,0.005033643595576269,0.02657800912945784,0.0002181566863422909,0.0013363522986068108,-8.003170995087613e-05
-0.05164992245314966,-0.0012775118978319408,-0.027026812732974637,-0.0005108359877133298,-0.01632470445935244,-0.03516910988538406,0.0233870347491731,0.1085822501692088
-0.09204376279042739,-0.007160141729115329,-0.12064432953919024,0.009766026250618821,-0.0591769302466488,-0.11292277815317844,0.008966146164809504,-0.0010401814412891856
0.008362997359610122,0.0001689325823885489,-8.693618760832712e-05,0.00409576856689262,0.005319989396662073,-2.2527646863515602e-05,0.0049820630415565,0.020267511320706776
0.001023760371128001,-9.164790192194045e-05,0.00034017481448212427,0.001054531611492481,-0.00020954356138375477,-4.939566771203142e-05,-0.00132921777199895,-0.0001300381165623362
-0.004139666284290511,-0.0032432349736266283,0.0001214076829217591,-0.014328477329972623,-0.007525375556641109,0.0001213772698587082,0.006650438804933958,0.03131627931110738
-0.011080117112263619,-0.0008060948362064474,-0.010609055588035154,-0.004726079815917021,-0.0033079363568334335,0.00043501690224583597,-0.0007198844560293002,-0.00023884439920909768
-0.0741740429305702,-0.0006014568348915446,-0.0018626965210387352,-0.06244327723032584,-0.006323368114323324,-0.07356219570446627,-0.005376369865228398,-0.029982879793573357
-0.0032498168154257226,-0.00040808949480330184,0.0010006890328250319,0.0001961101833691135,-0.0026206914860140967,-0.02905706652693009,-0.00487965603088031,0.0003942817956210013
-0.0027518887972183548,0.0005736323887362122,0.06049975396770116,-0.008237177871431375,0.0014140300262189892,-0.025671234897727085,0.01643467419310312,0.06220902904360979
-0.00027834489810736954,0.0015485438275300552,-0.029875840155135655,-0.0027342568843429435,0.005322417761914416,-0.052308263926125115,0.008891249229091512,-0.0006527890438963783
0.002634038475948523,0.0001007508587567739,-0.0005208781499481493,0.003988505356605793,-0.0005759978872488003,0.00024767629950397984,0.0009912800842123298,0.014175947083268605
-5.5650901219108655e-05,-1.8869349453604967e-05,0.00022306790735703456,-0.00018017473051550335,-1.2053500333702823e-05,7.15717955376106e-05,0.0001951482854717912,-0.0001281250090395684
0.0034369858108792917,-0.001541275196313185,0.013791887695893087,-0.006274663130140293,0.0006830591347591702,8.895246334455383e-05,0.0017146673127937822,0.035717573950144334
-0.006057900694267205,-0.000630939009048368,-0.007263953626836421,-0.0027894309047204378,0.0003517625725404367,0.0002098820501098209,0.0014466758688447,-0.0003862855221985514
-0.00014950547586622845,-0.008781128237375738,0.0005124658710634644,-0.010136382499431794,0.01297224010428339,0.025108326243822764,0.007233356289831405,0.011406818682191974
-0.0009152206932066943,-0.005238325895849332,0.0029980174999796063,0.005084464182070033,0.015875515228850685,0.0038390273678474947,0.002540693059284509,-4.627770021108958e-05
-0.0037232410999091517,0.10680366727281661,-0.021106314094099354,0.01287673566379646,-0.07245843351466422,0.015572956424392392,0.008611167415376908,0.08535502408790363
-0.03444236431148001,0.007266048039574494,-0.09355535286693611,-0.037938914803835246,-0.020259856900204425,-0.0960690299489238,-0.0378153248878562,-0.0010326626962523654
-0.00170514172956377,-0.017751535512531728,0.00028001008318941176,-0.005656088391952765,-0.01592055643318127,-0.00014191028311613327,-0.014969553212325196,-0.009703488600934009
0.001660021063730477,-0.00911937462862802,-8.451508731460304e-05,-0.000608742302458509,-0.007545703943526256,-7.337261280187236e-05,-0.0038175271111224205,0.00018125156295247324
-0.007527926071604747,0.02127134836550055,-0.011746289187509843,-0.012544473532013212,-0.04465315351885356,-8.479940808297555e-05,0.007110812501158144,-0.025374037209894368
0.0005548952630275977,-0.005521977337735933,0.0037036634016948643,-0.014959690280486876,0.004787946321289425,0.00036011892635203017,0.003623533627255188,0.0003251807137008159
-0.006464296865202094,-0.004695524359585285,-0.0023785460234526015,-0.026503024666285842,-0.0012039697457798667,-0.006346750981604475,-0.032500771319527964,0.014814655046401805
-0.004140536601559688,-0.00562071267059436,0.001889272663588345,0.015793533839660614,-0.0015867283803472137,-0.021754212188386725,0.027696850541214565,7.552490486409215e-05
-0.017545607134809724,-0.055501659952673754,0.06930610877132587,0.020655545108607683,0.0066687913952138255,0.04565620391814247,0.05175092530946595,0.14173708427167278
-0.01388572600102569,0.020268934948920944,-0.05505384143526207,-0.06203178843738169,0.0018881557586629878,-0.06885829058725429,0.01111307093759318,-0.001629814763493808
0.0017221341435663168,-0.0006418691743983102,-0.0006643479918442758,-0.0006205296019317167,0.0014937794595676738,-6.4417657311804335e-06,-0.0015058645958984911,-0.0006553149365269161
0.0014361869239171935,0.0031550692635032994,0.0002967975696225453,0.001405011444108276,0.0006942968454852193,3.5632229173274515e-05,0.0057099919888079905,5.5090123622089144e-05
0.00019974771470905638,-0.001533007196691128,0.018826188865359007,0.010956776511725254,0.004278018501797912,-0.00019760480355941675,-0.008389086977815843,0.02812889615295327
-0.002383694483797232,-0.004560190622895629,-0.009335148070399549,7.718910215801216e-05,-0.00039217701873065934,0.00024272228913402338,-0.0056297132554017845,-0.00028318128412310587
-0.008378988372371016,-0.0063085118127498025,0.0006633259353803617,-0.015820374631104278,-0.03126964231650536,-0.0016750335239230554,-0.001424019677231172,0.005886675355141865
0.001422785949900121,-0.0055806791372691915,0.0015742152985310186,-0.006698798430983053,0.04371288354326232,-0.003897001634625509,-0.0005025166299121914,4.77452506046785e-05
-0.002561875553821426,-0.008615858595247397,-0.0231672314846586,0.018466556636716598,-0.024584678906443554,0.013470892836060604,-0.002257986006561818,0.02926056857593131
-0.005508283039582003,0.03686512495942255,-0.0459882028408146,-0.06570536305897129,0.034131232910778936,-0.045975900908984194,0.00813241765051719,-0.0003102222479125316
-0.003226271447484993,-0.008185877034477719,0.000963966586042097,-0.001670584932569929,-0.0008773791770223058,1.8503533483062138e-05,0.0033168444049572737,0.0037089240733401254
0.0025163173699139082,-0.0020797401237792985,0.0001744874035349648,0.0016319419955358894,0.003062926100399624,-4.783013815101766e-05,0.0009008346768047398,2.5628407871291272e-05
-0.01921703769154125,-0.03378347281721926,-0.03813927241616723,0.08345702583572187,-0.06202911342292368,-0.00010825168870361413,-0.0016797296130694618,-0.02967631506772674
0.0029217304897569503,-0.011984725278605037,-0.005155131630153914,-0.001296197777998719,-0.0055920654032605484,0.00010606969314701674,-0.0007759021075159972,0.00041400923532487364
-0.010869157200787443,-0.026456596154033795,0.0007792675849327173,-0.0926941585178817,0.0030449633156585335,0.03153700258912618,0.007332668195636589,0.08733639768932465
0.006409823421433994,-0.020293642001445032,0.0012053293385228064,-0.019462011122198572,-0.004232705108763123,-0.048247334712113246,-0.005829704190809696,-0.0007627266994018724
-0.002125740897219922,-0.004286162907817475,-0.030479770459791927,-0.019467234190309407,0.0023014461010346663,-0.027459367940907538,-0.0113593280148726,0.09288654581185997
0.009346486366270935,0.008812371767395535,-0.03590531996700762,-0.048429577840102,-0.0033625869074313587,-0.08943498217150814,-0.0025810190011110747,-0.0010641898376723652
0.005622973898258398,-0.005469595215662256,-0.0010096432956244294,0.0009850208547965878,8.065222725247747e-05,-0.0001260345813567817,0.00032422853290981065,0.008007043227269256
0.001396096065713186,-0.004035975943809634,-0.00014871465560321954,0.0006983797438817966,-0.0003589381198180379,0.00012556121616904203,-0.0012335112324939879,-5.614806269201936e-05
-0.009107608873526404,-0.008206560649694886,0.02691259721669207,0.024244102135765583,0.005954397495876922,5.8873445650567444e-05,0.0018727098061056607,0.031440413005401346
-0.002799568122549887,-0.001235807501168683,0.004087482097842377,-0.001630071512028037,0.0005518861636562654,0.00028475981575019183,0.0012949259167639316,-0.000308822043430851
0.005610926527161866,0.00037114970365370456,0.00433139112105111,0.0037319150992038827,0.01686616187783535,0.01565157776162934,0.009376592035407796,0.015078422199254263
0.007968344552807547,0.00017958977408941926,0.003467809354656663,0.013893239850731045,0.01557945740164811,-0.0003098620195763225,0.002282221377732618,-0.0001090364542394925
-0.02834071227705813,-0.005820980752407712,-0.13906431481036546,-0.03494640398251515,-0.22850908116939805,-0.0740615408026154,-0.09100994144902551,-0.018112723655978824
-0.010809118244874336,-0.0004361680687503416,-0.10620569279052264,-0.03655580840040791,-0.007678233312186013,-0.10945314806537265,-0.012033552606244342,0.00042202147676472315
0.000680454620713426,0.000905334793074274,0.0015926306145976408,0.0019477535083477111,0.0005404769151366583,-9.406640073301508e-05,-0.006687989709457843,-0.000755705338875806
0.0006723456753616312,0.00047915180593367384,6.412929667299678e-05,0.0021435233017787544,0.004293830874077346,-4.165123560274515e-05,0.002293701680843082,7.069095396636569e-05
-0.01798231432380261,-0.0012836177756405714,-0.051645505102848724,-0.016751718105569947,-0.06666558619033008,0.00035038524899244086,-0.040387382714864334,-0.0532278792152636
0.005907400692520108,0.00022421603976022065,-2.5271383075585463e-08,-0.006862418242523202,0.005671218203391399,0.00042441029572412326,-0.0018681368302209981,0.0007724982269688715
-0.001922217396951217,0.00020404537575958515,-0.003972997104040253,-0.007773363036377119,-0.0015627561779124736,-0.0021190583003669675,-0.05125260147743917,0.013928010626846999
-0.004399438716233833,0.0001515834421477076,0.0027657765811419047,0.015228902212559693,-0.001528405764746459,-0.01267593540202392,0.015077630032804105,6.160686270646648e-05
0.008444645057000315,0.0026743736555166625,0.12098812156358373,0.05200167013681116,0.02141882537389471,0.1020921437684235,0.09559831579548006,0.22029610896639948
0.008898096324083256,-0.0011089743616848773,-0.08132754294105644,-0.038332587132585486,0.0007940861444003886,-0.09491206038866792,0.0012801692798439929,-0.002624732987563342
0.0004219606776544569,2.2095849484655264e-05,-0.0006591625635569841,-0.0016173533082871837,-3.809247383742787e-05,-1.4353795955595457e-05,-0.0056195886792166205,0.0032863185744159756
-0.0005015120386419292,-0.00017325917465382053,7.45722675695822e-05,0.000159689782036595,-0.00039302320962999825,1.328446463689055e-05,-0.00044506598985215437,4.430172524895773e-06
-0.00203864807293557,2.3917225928518984e-05,0.01972433369238298,0.0016760904178266351,0.006377476394082155,-0.00038077413884918357,-0.014242581017633232,0.024966122016420594
0.0005794005740949936,0.00021881906732522388,-0.0014500352440745333,-0.0029478803345280415,-0.00047608882390398567,0.00034587148854711876,-0.002765423609436775,-0.00022387015305456336
-0.004466795134481727,0.0002810095887862855,0.0007984657628556642,-0.0010915720916961592,-0.0505278812084705,-0.0036922177319741213,-0.0018435404711481473,0.006708478795830572
0.0036528311950924687,0.00015851965642726013,0.0029804939710370605,0.0006563025627259553,0.02965150901558403,-0.0003448109353848105,-0.0004397051877063846,1.9226083453756447e-05
-0.0005046801259253381,0.0002083844920745463,-0.02079736997139742,-0.04125794606814677,-0.020759224725795045,-0.01295228109484889,0.019569796241582033,0.07650370875443267
0.015819904815519252,-0.0019271807146652251,-0.08911342863609276,-0.05513577769239855,0.007352136270942972,-0.09710719154247723,0.0028241003663660655,-0.0006836308308209416
0.0001771554759597354,0.0004342754495070436,0.00036429582130700764,0.0015608084817092336,0.001826110996054191,3.195040788069431e-05,0.0015616900862033861,0.010065065640522002
0.0011100577783563366,0.00010503457136171865,-0.00013047395143133653,0.0014982471225637411,0.0012765513279914906,-5.0063537465761226e-05,-0.0004016882706504384,-5.360781379057163e-05
-0.01604913471518426,0.0015939960598727754,-0.011981626787795062,-0.01578367014658208,-0.03761850349241884,2.1800170156936733e-05,0.008754510189141189,-0.007047472964311664
0.001757557443731715,0.000593962880692376,0.004933820479036179,0.000905917207443767,0.004725582989899509,0.00034577289303916974,0.000564922216809076,0.00024407062094533924
-0.007379367160433737,0.001245424959789221,0.0015987264704971256,0.010335287884885455,0.004899224135980318,0.0534625192043307,0.011383289416203549,0.09378738801789034
-0.0007256075613617159,0.000862369797624691,0.002073501976770798,-0.004111079126392754,-0.0028772666310681637,-0.031322131745617265,-0.0030652090128925175,-0.0008577456855894659
-0.004200651391155656,0.00027627740474682325,-0.05279989237548621,0.0009169944223459238,0.0018650975069255194,-0.031502042604479356,-0.0211255308244846,0.10658013536356331
-0.013372454988776336,-0.0005947828645779085,-0.06560031375980285,-0.02294607066917872,-0.0007565325051530096,-0.10007122709031233,-0.00044316598022792024,-0.001340195230506804
0.0012605900385988479,0.00022231071218265904,-0.0010029026640073085,-0.0008486099375373357,-0.00014410415581087287,-0.0002106331521303869,0.0012384453535536296,0.009502688562962047
-0.00022723048763925643,0.00013858396509781716,-3.891815523647768e-05,-0.0003182308985066998,-0.00015552767845973886,6.931229250277386e-05,0.00011431913591044163,-7.784874593669122e-05
-0.0009335971390611788,0.0004334696919265984,0.02986746226208576,0.009266824382095109,0.0036275688909112227,9.378881113596806e-05,0.003102321685290099,0.03870554870097111
0.000522758866138302,6.635865808251157e-05,0.0013248848485528655,-9.389409983669042e-05,-0.00040698744322988924,0.0003578356881706532,0.0006823720317592816,-0.0003815505302313552
-0.0008774582569000061,0.009768755762187883,0.00013413939413868634,0.0019418258893792717,-0.005637450224588088,0.018228260873773897,-0.015080356923118893,0.006773751288925954
0.0031130720365774626,0.023428580602084505,-0.0006684199328587749,-0.004114136103065133,0.005104845116503905,0.012680161982189443,0.009652732966194746,7.69004173408156e-05
0.007208429090772248,0.029571294546942472,-0.009825017599308952,0.006231504856143662,-0.11340603366865633,0.0008010072774440411,0.010653788934642213,-0.01995183623071715
0.08328871108979621,0.0882031812152247,0.016480992371717556,-0.027977577432277204,0.0447443500927728,0.02356897156625974,0.045307554156394786,0.000459882195721729
0.00449125190369904,-0.009520111644275355,-0.00031559017871783185,-0.004623457559647443,-0.005451398303007852,-9.762923886841817e-05,-0.019297452279072015,0.0012116594334820058
-0.0031790846946255905,-0.012096660433209018,-0.00022299277294307064,-0.01054262297261543,-0.007693130094323314,-9.963648660014735e-05,-0.0012099622243630483,6.090020574960461e-05
0.018263338461657255,-0.011654346938953918,0.007252981450582106,0.007407140407987294,-0.020977749617339427,2.845787549305549e-06,-0.030200449299876295,0.002656943307494328
-0.001885218646151501,0.011809092463489986,0.00596417756524337,-0.0014913998243268546,-0.004508956107953377,-0.00017306886891977241,0.009604150002095373,0.00012478278864841113
0.013139479676979997,0.009364728319374089,-0.0036193415367746107,0.00546903830969152,0.0005180692485645389,0.018457885615233004,-0.04058775700837476,0.018651111901796896
0.011619525502009951,-0.006323088288266112,0.000796805024231597,-0.0028869587738217864,-0.0006256291189085134,-0.0013945236408481245,0.058353646883280846,6.826732164671423e-05
0.03836048627481167,0.028951995483402562,0.10436763012544319,0.10906603615813129,0.010695614460161736,0.10145708098148792,0.09442122398415895,0.15109416690521293
0.03264585281018745,0.09536994763328793,-0.025374792366975325,-0.04048694696777182,-0.004307133838422868,-0.03020912914682045,0.07784281919265326,-0.0016472467283619348
-0.003567447017417888,-0.004562219238029944,-0.0008154809248995855,-0.007529027514274398,0.0004769627954940698,-9.516287206001565e-05,0.00935906600934629,-0.0012937305842417347
-0.003235747452980914,-0.002939771341520843,-0.0001310689997765583,-0.0022172891897082035,0.0007140420761461282,-3.667570375588797e-05,0.005497238631552838,3.432125999337317e-05
7.815946419597545e-05,-0.007903014024090124,0.023843048842774824,0.00105171490424574,0.0020405696195369563,-0.0004244094003484717,-0.035422109151907515,0.020472045540894122
0.005290866124514699,0.005364797447573136,0.0025834803454113883,0.007250674446383648,0.00042559506951756745,3.4865526666657245e-05,-0.007017148728135976,-0.00014388303735723295
0.018035296295314352,0.004982086147056188,0.001264074045809324,0.01187253346715418,-0.03404161362304378,0.01318323670328998,0.0034045045585376797,0.036688472854194035
-0.0032689473006608204,0.0012870377005945038,0.0007597949746954713,-0.0040315895115460845,0.05909341788601528,-0.0006245820427497779,-0.002110502703347046,-0.00025647516858946914
0.006144953423668571,0.001355306335323752,-0.040273939064425,-0.011315634335877942,-0.020133709768593033,-0.04903746802250845,-0.0024402057004879033,0.02166346637126173
0.011081061873431707,0.10743771757155768,-0.025521545001075494,-0.02952711176351029,0.08105255838986805,-0.019903326736675324,-0.009886433793494333,-2.4808517058409784e-05
0.008268034184475418,0.002924432974740805,-0.0007385063381303607,-0.0003401407651951712,0.02652068803874279,-4.320527502884971e-05,0.004286857336908046,0.022961809123858517
-0.005471606718867084,-0.006341755863492652,0.00020863932899824146,-0.005563455012834841,-0.0002067599147142895,-7.160138449535742e-05,0.0003595812331391783,-0.00020371626235171105
0.052279240443593666,-0.016876671865982004,0.02016022716283482,-0.028981331648807424,-0.02683859266994823,0.00017283661037222875,0.006714022187769001,0.050580156739571655
-0.0066986585182106095,-0.015015608352376014,-0.006753444623877199,-0.011857303053935805,-0.023033033237532207,-3.1090055525377294e-05,-0.001975560831464271,-0.0004461861004791802
0.01851510512734745,-0.018544529270397597,0.0017163870355094634,0.06105209709464745,0.0032429696695696264,0.07928027209702149,0.009026168292742548,0.13777878849101194
-0.015210605486823816,-0.042879509592118926,0.001530401666703045,-0.030310928326160946,-0.0057808664237070945,-0.06537805802281475,-0.012553398860570879,-0.0013250271341073436
0.001635050840906276,-0.012844734828135501,-0.05516612159922384,0.010681989850501427,0.0018063779995213742,-0.05650000428029381,-0.020834331011674822,0.1312321605303745
-0.02563738282804011,-0.0673904745629575,-0.048943687924880616,-0.011502238400448818,-0.008014475535667009,-0.1336890080722777,-0.01736671875157526,-0.0014632360515949773
-0.012937004369237991,-0.019396542566959843,-0.002599699909086692,-0.014215856001494871,-0.0025755644564392144,-0.00032700566909273966,-0.002081237968357578,-0.005995694930840314
-0.003032295523944685,-0.008984719613789445,-0.0006166362008712502,-0.004479005779621982,-6.909163580882504e-05,0.00018687522406746776,-0.0012027218025088982,7.270045703693231e-05
0.02383181550793985,0.02018927596318694,0.07682194325219238,0.0022553353130966465,0.002588064495183686,0.00019686974960440398,0.00790070026399334,0.054695390087068335
0.0066335613723075915,0.009887156044653735,0.017481081637089693,0.002010347702133875,0.0021644368322096476,0.0004477326041491898,0.001666059330575279,-0.0005601398483725745
-0.014634851676351777,-0.0005967917192625465,0.0006778244283782422,0.005524857111787197,-0.005950160433377116,-0.0020411775985184942,-0.019184902426494805,0.021029891213604254
-0.01825373302833627,-0.0014038740389047137,0.0013790475445224293,-0.008490695271258272,-0.023345008408484327,-0.024656531281814054,-0.009417602914853425,-0.00013386681751967542
0.06395254557643906,-0.001691765815466056,-0.0301788454460275,0.0632245828809931,-0.11396910873843803,-0.04246312805393266,-0.013636596825426778,0.040930689384472786
0.021791231104485404,-0.004629760945016599,-0.04947202767015334,0.05644250272201292,0.05202753350430619,-0.056424884370051935,0.0622194391969445,-0.0002274739869211716
-0.0017865614802734242,0.0004733489270809758,-0.0003945614315704495,0.004389080955085621,-0.0005975531597135501,-8.059658354065595e-06,-0.008510862988648244,-0.0014554826446866492
-0.0010808294566401382,0.0005877966277069719,0.0006128548543406629,-0.00330424086664708,0.0011563389383713448,8.058195130157037e-05,0.003783592243326876,8.475461714060215e-05
0.04256197324531551,0.0005437099557610791,0.00937860652108815,0.014343332859815733,-0.017448749142325973,0.00019982771329613992,-0.034780718954546624,0.027029947651700328
-0.014772970388444679,-0.0006849713307995371,-0.018378495662678435,-0.006352435552263237,-0.010752219460114055,0.00017195356072029355,-0.013578930974441513,-0.00019433355615010753
0.002782372779586641,-0.0006348883109252689,-0.0028703506271145584,0.01876286795332986,0.0005712898909265542,0.0038079262142392337,-0.06462116382484048,0.002466568309277852
0.011937869093102304,2.6453530242443227e-05,0.00419001317572845,0.0026600297421214055,0.002106513815601058,0.0019260760039297616,0.026858733044461763,0.00023288217793560403
-0.024446893567255074,-0.001669602942283797,0.08449463923971622,0.10272828853039978,0.010774001327102187,0.06268276341841836,0.05826156296029342,0.2201098220442354
-0.023846463935166803,-0.005284100747781123,-0.12898517441505603,-0.01173981706474253,-0.004845056647717226,-0.12479278243662101,-0.06233496761196934,-0.0026640415447221144
-0.0008111034144185636,0.00015826285476420988,-0.0009248505894105299,-0.004350494791712451,5.7829460226193545e-05,-2.5023549960267618e-05,-0.003347346725897547,0.00038101658892548485
0.0012001567595056428,0.00010550339536771349,0.0001720294592996489,0.0008793695464763675,-7.567121518665749e-05,-2.0343140598002284e-05,0.0003364223143149707,3.386107725499302e-05
0.004612193315534995,0.00042634003751317636,0.02734255114707302,0.005510208192384535,0.0017008672614387131,-0.00024777447612842724,-0.01130394696533499,0.034258333949702374
-0.0021888953180944533,-0.0002990493627073932,-0.005822542742681486,0.005369316587678155,0.0010125487013658955,0.00044141380765462394,-0.0032092372768998366,-0.0003507955004328078
0.009998349076497834,-0.0003775329081135316,0.00116500292897971,0.004718396926537255,-0.05652942245611706,0.010944376373399399,0.004305887481442453,0.03295065997333141
-0.008393782987022607,-0.00032864443726319007,0.004204545880678081,-0.006373258976280209,0.01673055060471353,-0.008816676093385578,0.002035933918736334,-0.0002503511321400419
-0.0022503491944549947,-0.0002729486233739698,-0.0366416460847826,-0.001571230266362775,-0.033695222165423776,-0.06827907924194883,0.002904213943153893,0.1319430497609285
-0.04201965406199164,-0.005783491893054663,-0.13368232142184758,-0.014953165811767415,-0.0862117140276101,-0.1482114413774653,-0.013362816057315647,-0.0013381796333062125
-5.6530216446951456e-05,-0.00018340586564152136,-0.0013913643017710304,-0.005214781746238635,0.005254550118351018,-3.0285390132040265e-05,0.0019721472155931484,0.013329047723590396
-0.0024259994972373987,0.00029488564483562526,-6.283180927547203e-05,-0.0012795143018692918,-0.0026422141167888884,-1.137178894518324e-05,-0.00069467985175861,-9.199731390923253e-05
0.03779515330019776,0.0008488068913571194,0.04034068679691562,0.01788467958505266,0.008691389301045967,0.0002849591069686972,0.007661174395722802,0.05252673688415071
-0.004729408734206073,0.000696502636951174,0.0020505537188479986,0.006002490201361953,0.0008816574241949943,0.0005941157576242178,0.003047532975615552,-0.0005129737239121141
0.013585533434276112,0.0007381301100003778,0.0019626034617996665,0.08085355523613658,0.005397439272063993,0.07835343588090306,0.014275037486974184,0.11255905352502736
0.0012810445997817818,0.001903583276352062,0.0007672383759410112,-0.0004876010764090508,-0.0017449586986801094,-0.030068600823801455,-0.005614761649427501,-0.0010443286120188498
0.008232613129314063,0.00039017826677230995,-0.060967651458423824,0.009766949186067693,0.0031080336562961794,-0.022214903159406017,-0.013137480514946152,0.07483264839630145
0.03111121375826159,0.0026699087464180497,-0.02442956077473815,0.0022617618931604134,0.00800284482084278,-0.05347209927824566,0.013169926134246678,-0.0010372779712004244
-0.0027697539718361916,0.0008249976179464233,-0.001263751052343303,-0.00519293114250801,-0.0005123233515423983,-0.00031496108070291147,0.0007134073885106875,0.004764881419065156
0.0005292259161093928,0.0003746882885245249,2.614331154391855e-05,0.00014872396796382787,0.00021822055610226995,7.264745692371739e-05,-4.94049543213553e-05,-2.8855475649891413e-05
0.0022189815707814083,-0.0009575393668152135,0.036789536594027394,0.008284422171275365,-0.0007542476211634065,0.00010024244558221256,0.002542693058960385,0.04400925449948126
-0.0017214074963104078,-0.0004879736534012578,-0.0016106764508640944,0.003389669565544341,-8.113193445333538e-06,0.00022912839075067045,0.0007626878940369575,-0.00047458980401250645
