0.006445085990291529,-0.019442978093074815,-0.0015125105222558183,-0.0039965630861164584,-0.00041189915368783077,-0.0016225029409042723,-0.004465057164399159,0.011263604143531456
0.0006599296777265752,5.491447056707753e-05,0.0004851845640286624,0.0010829280592911405,-0.00039334133578440843,-0.0003218932770662216,0.0013453145350051249,-0.0004271914349987872
-0.007008655733208836,-0.03174008192796231,0.003998634096016647,-0.0007031080565273119,-0.0016583480825562444,-0.0010865534135091836,0.006784044768765023,0.003579338447434589
-0.0004490149307577628,0.00010260775069559983,-0.000695900694173464,0.00045823773748713485,0.00022759621590630476,0.0011762768079221317,-0.0054895252733688235,0.003814370503063889
0.0280874386280582,-0.005432060677240284,-0.008961401070328029,0.009293915697163433,-0.010599786864461131,-0.003814670836621319,0.004677043013657864,0.007115554268596865
-0.013300727154265564,-2.4190550973599133e-05,-0.005137139204787785,0.00112758351960992,0.0005698755719544155,-0.003868825741397384,-0.0036026077243130625,0.0006994538612902141
-0.02715715288679996,-0.08643004915803214,-0.0035863137887544617,0.042556404674864275,-0.012385341168218971,-0.02773408050632379,-0.025864704844535766,0.0001506512753825743
0.012772344248013892,0.00029548388537210644,-0.001936401546628897,0.0054431606023481755,0.003674149104841162,0.0005188675413916313,0.01674456847807677,0.007671596678987036
-0.007256325575076617,-0.05830607027021284,-0.00537469949542964,-0.014729424429553127,-0.000603036303931383,0.01087294446747179,-0.008881512550063388,-0.024042421428528415
0.005688962243937078,0.0002229120990684356,0.0015482359774712385,0.0025842937615959626,0.00675176814961194,-0.0030838970730987076,0.0024591954252947824,0.0032978727985807075
0.005584867659712844,-0.03370810015980018,0.008226526244628099,-0.00894262766099631,0.0007330563403608308,0.005903668393592639,0.003339264909577401,-0.005431752166335435
-0.0061663938016845825,0.00012433292906994291,-0.0015642197433165935,-0.004963881644621089,-0.0016665824214717206,0.002161547868231833,-0.0019116735562423332,-0.0032069767004939344
0.015548494467849696,-0.030101531435486658,-0.0026400101228438535,0.0007583720225656505,-0.0019116934483663795,-0.0042399542689712305,0.01326733555206019,-0.01518372337939642
-0.002595210108908337,8.978455748611305e-05,-0.000810352403851827,0.00040616691384973114,0.0006158199412779193,-0.001379721693159329,-0.0037296228488901072,0.0031836220800030095
-0.015470083446561752,-0.06588240505062165,-0.0017641440580997547,0.018197842916647285,-0.0037614460733963622,-0.012995937387771238,-0.018371658137499945,0.002077387227835969
0.002308290886707498,0.00023098985237842296,-0.0008994518475020337,-0.0009402866570193368,0.0008532703253375544,0.0008808219409571344,0.008658365210810277,-0.011013805508963779
0.009580388507637042,-0.008406145381903103,0.002124698251404404,0.005180186085795436,-0.005222913031735051,-0.0003075328041314496,0.0040038817306901845,0.004365032595649924
-0.0001761234070071408,8.963552369641264e-06,-0.000651026608604379,-0.000823106398166109,-2.335690313489842e-05,-0.0009759300132756574,0.0016275206674691868,-5.8124550204822086e-05
-0.009851581206822174,-0.02807693981256068,0.011996263564820121,0.002495413124425728,-0.0029874591432350432,-0.003276964622072365,0.0312584163377206,-0.0031430618385371793
0.0001355228324223363,8.178507560076954e-05,-0.00044498136783880385,-2.7205872056297977e-05,0.00010717828937446505,0.0008621872199827791,-0.002384900733191553,0.0001558756142074269
0.06108098045070198,-0.02059291190340825,0.00991387389601551,-0.00758176619964891,-0.017788337316513417,-0.002879090457110869,-0.012906449159977037,0.001078559686209076
-0.008908042500678124,1.5895637008112274e-05,-0.0006075729619636071,-0.0005471609630527336,-0.0014633285642941703,-0.0017431747596655365,-0.003089111617054413,-0.0005172757366201442
-0.05855472502728162,-0.15720669013490993,0.007911356221310442,-0.0387103911850735,-0.020771439661868417,-0.021635432859315715,-0.08585565031647101,-0.015972856286645267
0.008605736656332937,0.0005516020405011611,0.004027916862067897,-0.004790876125582872,0.004064471407623568,0.0007657853635961998,0.010100599899866421,0.0032328597227695988
-0.002491173732487934,-0.024568299575280228,0.002653402608663489,0.014202446492607457,0.0025396443413415247,0.00102401749931002,0.0007222016843842663,-0.011185871226161246
-0.0021401510743641336,8.123237569792282e-05,-0.0017644708287513956,-0.002363285734546555,0.0044351813917189375,-0.004071806321525932,0.0012282862235975,0.0006253946446894091
0.0006126368127362639,-0.02479470770248079,0.005652164384316513,0.010251860571599016,-0.0078032390079621015,0.0069158521740966036,0.018522462827951166,0.0038418145993350744
0.001190143558687,8.1308336324291e-05,-0.002344712517694668,0.005274189537909188,-0.0017702300714177478,0.002950735542328342,0.000447377842382397,0.0038580432027233128
0.03270028209220099,-0.030241280965182027,0.007166954003510131,0.00016320134953254828,-0.007909541853556853,-0.004164220347312226,-0.006655991808685837,-0.0049402067380049635
-0.004061433364189388,7.448791825967913e-05,-0.0009688251754994372,-6.455086871443066e-05,0.0007097916175372679,-0.0006262980212430257,-0.0004836703370090368,0.0031709191821911497
-0.03253416353713787,-0.10283709667161536,0.017580283276515434,-0.016613195471313222,-0.012724218762029756,-0.0184069013165339,-0.05719398683968199,0.03240963713778541
0.0035870674710446427,0.0003616186763992392,0.001697686776648201,0.001333995400034697,0.002198282959915544,0.0012370729801832118,0.003053627483958762,-0.002944223680196129
0.021851060761689543,-0.012233621045381435,0.0019611357165893284,0.0045507405346252965,-0.001253078388323845,0.004086575928390275,-0.01544869505332641,0.006384972059366447
-0.0032073789669788593,3.819546740499017e-06,-0.0033016211686461485,-0.0025179060502897653,-0.0007501747588750492,0.002248181438488806,-0.00697213933052387,0.002474762090223257
-0.020266905642346084,-0.06069101558571098,-0.02119194434567347,0.02398824670047073,0.017338441954550424,0.006941453787604815,-0.0029073177709440677,0.012459747886726826
0.0033133528954867836,0.00018512327291221972,0.003146970044101706,0.0006359789358569136,0.00115367309304195,0.005303898030307286,-0.006778371910324697,0.0023607195727055165
0.04423157515603563,0.016602728577848447,0.04229974452789413,0.06440782230366099,0.0023686101975803116,0.0026084836049324357,0.04148090448410765,0.020266012293907978
-0.0036368935538324265,-0.00012815620395339745,0.023985251485365837,0.014909947291681405,-0.0007944331266495326,0.000672018552073043,0.020989134832986388,0.008885593010100059
-0.0430645588724314,-0.07768536243871556,0.015623289295858813,0.07311259473923895,-0.0033127608090727833,0.02872053476237918,0.008844114142058554,0.0014600768136403563
0.003720746103949865,0.00023752646573191945,0.008470557399027535,0.023293688085594066,0.0052142762469086015,0.001192752221355556,0.02201981004850219,0.009622836643526603
0.033610969516706064,-0.022364459608029755,0.021593174311760176,0.008512906627438333,0.0007053924841724005,0.01694279258543375,-0.0030955498466125014,-0.005426825944348753
-0.0038500724701491175,4.401337090620884e-05,-0.007604399605684238,-0.007152322942311761,0.0012701863666638763,0.0022288473531132374,-0.0010399330105364496,0.0008339964733220886
-0.03353409931018859,-0.0966375531493204,-0.0447918620098662,-0.01774170116377824,-0.00854175022337443,0.01870576998677411,-0.013951548765192372,-0.024379152539847373
0.0035661202432309834,0.00033218136989025896,0.008554693432529691,-0.007381826595640849,0.0012981944752159039,0.0033623297777320895,-4.835788629967445e-06,0.0016154148067188037
0.019707027749916166,-0.020661570969566112,0.012597078880403444,0.03099194973118497,-0.0073701740087496635,-0.0016587051789155789,0.007322513451568576,-0.0380573219490602
-0.0026513677816378156,3.782290702615724e-05,0.00493481448301497,0.0006316698668857453,0.0016383285497987253,0.0010389499016823023,0.007669051185300927,-0.012007462574473977
-0.01907104938230283,-0.06443892369104867,0.005713445727340003,0.07389894905591037,0.004695129919003987,-0.0021422817237449943,0.024833506227664334,-0.008345200533079751
0.002518321455740955,0.000208236555141309,0.005111903281127695,0.007280389666064633,0.002608313894430178,0.00047982975989167056,0.006457644931206083,-0.013458169361450946
0.04131635422533301,-0.025782255031622917,-0.01145417561776121,-0.0033250304014735632,-0.0022949125260234796,-0.00452562501859387,0.01708481190655453,0.006656844524912197
1.8316939456541632e-05,4.844572990728501e-05,0.003185691349487479,0.003199583183019653,0.0019047839641691453,0.0021311304315845794,0.0024024370562806714,-0.001449673227630682
-0.04054538525553544,-0.10719605390533929,-0.06401238007075474,-0.02363129731246097,-0.010730058345020974,-0.021157581456629417,0.026785131197562116,-0.011190540321792026
-0.00011102482895607375,0.0003670445686467531,0.0029507485824109576,-0.00029660546171192805,0.0007038677457038968,-0.00014624678202135847,0.005690037906261117,-0.003324109532721287
0.05438066655565095,-0.0807883185561682,-0.04865163755289435,-0.06229451664028335,-0.014682913114231342,-0.017595683459181437,-0.04481215656385693,-0.0027727564515805693
0.004975515119156107,0.00024851705157942093,0.001254943656457814,-0.014024671262713466,-0.004839302416797085,-0.0031118007225427783,-0.004288396567913362,-0.001099352521200745
-0.05256110456865287,-0.17755685398353713,-0.03796022087391962,-0.07323538130054212,-0.02230814693726529,-0.021566600028208434,-0.06019186891628467,0.004584071988068511
-0.00481865640767904,0.000627581221679159,-0.021417517203356877,-0.022792741653418234,-0.0034940446730359876,-0.009822090036387945,-0.010665625476355446,-0.0010845239124734375
0.006105809552456017,-0.053089445784173545,-0.01539705829728593,-0.007573557163540296,-0.011415261194764846,0.012130493164678992,0.007278046799566958,-0.013365646333682769
-0.004162169229012584,0.0001750963391443132,0.008800078437638914,0.007617282411091508,0.002663500083519947,0.003679652777813103,0.0026158281728758974,0.005961677275562008
-0.0070263822768322215,-0.073851376545961,-0.028634298896145348,0.020184712042849554,-0.009595631466642707,0.02650015346049754,0.04071208312690243,0.03751651647119321
0.0035438050179318102,0.00025133165358948926,0.012595516362588904,0.007677560291326713,8.226603709257088e-05,0.0018127993926520555,0.0077404967146158556,0.011922556985828411
0.06217924384239506,-0.08077234999673132,-0.038164970626488624,-0.030172234575094194,-0.019742818028689303,-0.014689593482840305,-0.027381610417552486,0.004442063943116428
0.004007582132534433,0.00025862208313126887,0.004414453390922693,-0.00020093623612307257,0.0013736745544911677,0.00026573134249778454,-0.004277399087698811,0.006109604345611265
-0.060816670095090265,-0.19508550843371966,-0.08551310966162985,-0.07148307205563514,-0.032308032384789256,-0.03264226208758233,-0.10381129619841416,-0.004255250430415927
-0.004227338303908585,0.000706457147185201,-0.008802455928606713,-0.006956826110765981,-0.000889632180830053,-0.004514345465312455,-0.015093625229346267,0.007683684044730715
0.011306504804787357,-0.011587816004993316,0.003252095013141558,-0.0004074400241949154,-0.006515965390055317,0.004070839276358807,-0.008247200279584614,0.026077962698661545
0.0025268858666164743,2.597463160894832e-05,0.002074556791055228,-0.0006605853753893181,-0.0008589180640113078,-0.0025126529868427726,-0.002129360588386474,-0.0030003768578748605
-0.011688399543647832,-0.02971485156038706,0.009309380530496689,-0.005502821420894181,-0.013347854629217332,-0.004934373821180943,-0.022913351899492243,0.011934397288603509
-0.0022651631409878912,0.00010179441704602565,0.0023255944622598886,-0.0003953848884373332,-0.0007739391175472689,-0.004697587300974443,-0.006352432045344935,0.004920109450743284
-0.016190682088287413,-0.006705069403050044,-0.004527205045057605,0.011583372023354027,-0.023186982213908105,0.008583102605357095,0.007599331123187728,0.006068050346278128
-0.004781298303279488,1.5342260775661125e-05,-0.0018270418330531245,0.004992656864492135,0.0007005054255416593,0.009841489238140065,0.008823791841609337,0.004197698701829672
0.016166291905959976,0.016389529416061525,0.03299795591177833,0.05534067732534915,0.017031136969444142,0.07226525844476013,0.048285057845962674,0.017261836013894524
0.004384890473359321,-8.084413772133398e-05,-0.0007245316366892951,0.005849656558157772,-0.0011695648646806115,-0.0026777001047115657,0.01855895816889405,0.008050355443152133
-0.01580163893787972,-0.11647052796430062,-0.0018851415773477077,-0.03381991089838394,0.005267971982205914,-0.03713879390217045,-0.0276537893427014,-0.06293314346030365
0.016265399295381358,0.0004555252987255207,0.005099823072519568,0.00037141369073581156,0.0019700670376416127,0.007301435451003888,0.00480782153756995,0.013300779609583792
0.014595201010496975,-0.05456737597220649,0.015969343263108483,-0.006346726549533801,0.021728125556537543,-0.024552423262462396,-0.018027458709504736,-0.023684964573549804
-0.015484879586728027,0.00021155846033352378,-0.000496012031904964,-0.003507857048786635,0.00017615974802179376,-0.007348042444153296,-0.003468361464284252,-0.005736963956303099
-0.0005119563727585733,-0.026802906826652494,-0.00046686536210499585,0.0003367909459022919,-0.007496622645881122,0.005066492473787031,0.05181324387182274,-0.019322554000935306
0.0028728307379370715,9.886234066526109e-05,0.001041327340260584,0.0017637390312615266,-0.00031296040542376816,0.00463717822394392,-0.005749429343614298,-0.0010115481418917318
0.0005601548245924659,-0.020099486568136423,0.005996880373325177,0.009467418088057046,-0.00017121159963902636,0.028401198466749513,0.032114845753993745,-0.039413631130215246
-0.0027885269774862737,6.881368640694793e-05,-0.0006869442880305572,-0.0001843522066978312,-0.0005431081001634855,-0.0036671368529787984,0.012063308821217545,-0.011986437892631412
0.006601020802587046,-0.011018250519887182,0.0004753722870950033,0.0018350623257475892,0.006689057002102347,-0.001548437408837759,0.00015232775609384536,0.007047317037720737
0.0027158905875488562,1.9227352785857982e-05,0.0015409858525499659,0.0010056042106239586,0.00010616492809772883,0.0004055343204183152,0.0009715807603171062,-0.0030152644013905377
-0.005716782003366205,-0.01813352406988497,0.0013304141216025568,0.007416782471530263,0.018814942876863413,0.0025962976817272884,0.00958371379062089,0.009683759090230188
-0.002464710538235058,4.1155482957406755e-05,-0.000450258537573328,0.0008822525793963955,-0.0007349048979130359,-0.003248595811536638,-0.0029299380831574696,0.002642270465569295
0.026567483226767184,-0.018725629823444348,0.0014470816459560623,-0.009515658277691965,-0.0041724817560549205,0.0052953345806339,-0.007342673492122302,-0.000187076141437757
-0.0037752387836021153,3.154802185877763e-05,-0.0008333699270536359,-0.004069607255076443,0.001137151026507479,0.004579620582965993,0.0011962794847310617,0.0014510099088476194
-0.025713261707602957,-0.07810271449951847,0.009458694787607726,-0.050396071904314374,-0.00878387379637185,0.05389395272204253,-0.037874229586012144,-0.012345082333075928
0.003554161806304049,0.00026460887006093817,-0.001701090924879855,-0.0050493957481434525,0.00022558893765329624,-0.003095797860877162,0.009804762356946562,0.003905265835043112
0.010828889531038678,-0.04953387858597254,0.009589545990631729,0.032862203053496915,0.022900228298284333,-0.009237477840611972,-0.006664402183282628,-0.017524177519306114
0.012142102099557692,0.00017192023731661232,0.003514806780322792,-0.00016672679712027676,0.002927101501598372,0.01072296521086309,0.005286634859335211,0.011081561992198747
-0.011741968708314576,-0.04828302494468046,0.01836353232464461,0.0073676892146171,0.013870878847843639,-0.029020311950402854,-0.011838053563375098,-0.025140790900196674
-0.011684435164329713,0.00016709485407456445,-0.0025797090203564174,0.0038777440815792588,0.00041218326888462897,-0.009411324822221172,-0.0018462638803528658,-0.0019068392789449145
0.008476062887589925,-0.02311082136013395,0.0014275160321213017,0.0010279639547766753,0.0025064212435788372,0.0064285700773535175,0.006811690088235001,-0.0037874771787308322
0.000862908061399353,6.376330869492336e-05,8.054445529560774e-05,-0.0012722724583529629,0.0006093234538954054,0.002825308188809896,-0.00776848702360743,0.0022680156950803066
-0.008988082599529438,-0.03870613451136912,0.010129896419393469,-0.00837766558753897,0.0017576118838413624,0.039956189250351305,0.006744751460376432,0.018871116076881744
-0.0009421905981814078,0.0001274969849983353,-0.001331201843375641,0.0006358953595302648,0.00013587908224426407,-0.0047649203045786615,0.007120052841011132,-0.004412227628211127
0.025185654654744132,-0.019481975740034227,-0.017726238866520895,-0.011629261004320409,0.024938198476923575,-0.014672061972854245,-0.018100577255103785,0.02048659697006288
0.004001484556450193,2.2112319198707665e-05,-0.011013479665976562,-0.0026337378386591765,-0.003755316022739623,-0.009243808995644726,-0.008483548491731704,0.002597428648396691
-0.02568306372691928,-0.0625364169693615,-0.039542767382394,-0.031327170546331745,-0.008643031858769393,-0.020567936091267502,0.020226527046997393,0.022446481552253525
-0.003635094337167328,0.00019981057791734237,-0.013606971880785055,-0.009826552714400834,-0.001275414911860782,-0.020345403159909393,-0.011273410437196927,-0.00025808332164952916
0.09700703184366398,0.002894396946536544,0.014984344579296436,0.025455504646427263,-0.03431532587476358,-0.01674333892695727,0.03823583765168508,0.013169147700044393
-0.001147602778203003,-8.299933935153821e-05,0.007986699841587123,0.00755995804432204,-0.00010867986424341119,-0.004926315483902892,0.025371382069936145,0.009233229992518662
-0.09511424447370838,-0.19073071449979784,-0.17196874477548732,-0.02413570427181893,-0.04041494552463243,-0.09545643005841586,-0.06468961598192269,-0.040497984051506786
0.0011087484399600615,0.0006695167498495065,0.0021793724794752223,0.001833795997874546,0.0025395964831718036,-0.009506870254239578,0.032474450236251506,0.008420119437326137
0.03719973633161407,-0.08445049233570198,0.0004658317754997962,-0.00031147133418036807,-0.03083933000037787,-0.05568584623855086,-0.0257993927309556,-0.045195201956392414
-0.00023120367612421058,0.0002908667259645598,-0.02473389777599254,-0.0043205721816801474,-0.003027370115530718,-0.008066905388140802,-0.0022674822419669607,0.0021529007243750184
-0.036400779909031615,-0.15868983710735296,-0.08567703957306638,-0.0015574015186483395,-0.025346183423791507,-0.06037831625096149,-0.04017017825742334,-0.06596711523318395
0.0006980042388599679,0.0005812461099434134,0.0023497539166764986,-0.010409295894542958,0.0014515231736098697,-0.013420407761917861,-0.0031172778100516264,0.00786317556293049
0.02317932971634374,-0.021915435209631993,-0.0015073579618743937,0.005904110237091951,-0.0158458361469414,-0.00862984003917401,0.05027617453095164,-0.032773498871292474
-0.002281955072936369,5.096196548941606e-05,-0.00493453725170516,-0.0009678208961870068,-0.001070123805751279,-0.004665181660046992,0.011033123133395164,-0.011765623117808743
-0.02313251500399854,-0.07269224335369107,-0.042427568144137534,0.01657444913294518,-0.010261964002556445,-0.016647184172126735,0.06319406052478732,0.05936880097418648
0.002381749216679731,0.00024970283138867647,0.0036622531250431424,-0.0026254382234573224,0.0012170721084350125,-0.005730286749600297,0.013917823939942424,-0.010171380601548237
0.007399500321911949,-0.001862619159922082,0.0006595022581720004,0.01177570519636155,0.009145487504262147,0.007996474216942419,0.0009154460100508472,0.02631889942372856
-0.002881455722844033,-3.615178889004797e-05,-0.007485894678014013,0.0030936076738219066,-0.0009927353137332577,-0.00935100372337728,-0.003414763577484964,0.0007280594663230321
-0.006905731506992025,-0.022059271255674764,-0.0004728849302711516,0.02864128220710965,0.005893284403098579,0.058921025430871354,0.02295101562693221,0.042434241750878024
0.003090813400857966,4.469706796325011e-05,0.0016757311813486034,0.009509640815399763,0.0021333211403277135,-0.005526770044868606,-0.005219921943164136,-0.0010347705609889519
0.049194620163182365,-0.032997700839914164,-0.008660006993843707,-0.025262163918772527,-0.009738422712174394,0.03903716438767344,-0.016870773849042068,-0.0005650254044714533
-0.006410489963666807,6.69255320386507e-05,0.0033669899597962923,-0.0071156878630368615,0.001511334935359978,0.005548837888517258,0.0100371755643429,0.0031229709344374737
-0.0484804593456797,-0.14298546363702172,-0.04604272842668397,0.01959282397149156,-0.02786480462673196,0.04433293943408816,-0.07820505191211882,-0.013277471949966547
0.006334920396378479,0.0004996526038384471,0.007915278732109184,-0.002352790767602143,0.004009096415188839,0.02137813046155252,0.015005158435007,0.005264970993025373
0.035553171466216386,-0.09274899341534038,-0.05404104609630648,0.0003890771779148233,-0.042399038609933506,-0.043711133356231786,-0.025281661617977923,-0.06206731719131349
-0.0062215882634909245,0.0003241063656483669,-0.016748484348915845,0.0047117170497372445,-0.0013002539139059578,-0.012353416085426807,-0.0012040502817148298,0.0035884752612376693
-0.034249967513658976,-0.17492136421976065,-0.09249934050281562,0.0029405242542171472,-0.03146747395983713,-0.08601242021100032,-0.031017007835174967,-0.10144988201513536
0.006463983670155814,0.0006404464747501517,0.013669109047939098,0.010379357355536991,0.004169562287818486,-0.009240671783885511,0.0007096363358917767,0.008538948043870419
0.03436827561355826,-0.03640786347511271,-0.01268160538767034,-0.006473345574055908,-0.009997329834460743,0.027126000152032554,0.037715901320686265,-0.008167459221756407
-0.003765304195399831,9.896069870487763e-05,-0.0006963374595073507,0.0011951502913612909,0.0004968461604296189,-0.0024428229286743907,0.0052272370497782085,-0.0010372650809827243
-0.033983446745323165,-0.11198528923191998,-0.054866801872160274,-0.01784288431674185,-0.01386234509548056,0.06381752312589448,0.03343197172448313,0.008443451382729117
0.00375886435449928,0.00039742585067812416,0.0072211834513012715,0.0023979972243739858,0.0018050305083056137,0.008536189249857497,0.00197952028363718,-0.0041165068325409926
0.0033777207217744005,-0.019200071076353936,-0.002775430336230029,-0.012035837274240915,0.00105155431160491,-0.006371853994929577,-0.015065713739267052,0.012449653013342245
0.0015813755954292743,5.602403745012268e-05,-5.459675953591622e-05,0.0016471148932537911,0.000828314679670517,-0.0007357443728865502,0.0007680022535121802,0.006306992126633961
-0.004551269819987697,-0.023995100608818036,0.013857145202775045,-0.0013299112340044155,0.005329856564474769,-0.006868200064309448,-0.0024868687348349643,0.007918604484757499
-0.0015349333170462517,7.367613427260455e-05,-0.0001878351294776502,0.00028541900645379114,-0.0005581120726299609,0.00018486560109385472,-0.0028443579558245363,0.0019087687707346063
0.02468347029809278,0.035029259945709025,-0.001454431796123595,-0.002203627915387493,0.02854794303847292,-0.015422897719806664,0.03176066287643128,0.01789750303021395
-0.00769436816397075,-0.00017521558749016952,-0.00599471641061523,-0.002620376526908508,-0.0008947401845774243,-0.0033092879811733736,-0.006866191777792773,-0.0004882109862805041
-0.02412801509368718,-0.02860368270762649,0.001542539353948387,0.02736771566069213,0.03319549485779328,0.0003015850415951239,0.0034570130308454964,0.009692088227705727
0.007373395500500484,7.109081542550739e-05,-0.001037225475736165,0.0063668178088951664,-0.008795774389498903,-0.003846677200742009,0.007705520589817278,0.004518352707836525
-0.004825042474251226,-0.030529013974579685,-0.00485000683625037,-0.0071221654879267075,0.0006832984271459442,0.016967059998912522,-0.010455380238753,-0.023033491292933035
-0.010391672825588184,0.00010314756059450798,-0.00219780476003684,-0.0017326035482629447,-0.019858717953417804,-0.00757063739970147,-0.005572659589402996,-0.017800085758271193
0.003152714571761233,-0.041574160976752234,0.001945315170060778,-0.02360187270418123,-0.002844045117338832,0.026328189700505936,-0.0019193359080481444,-0.011657792233743199
0.00867043605837151,0.00014235239636917305,-0.00010779092579202304,-0.005200573428764644,0.0026403964050798886,0.003603703719518532,-0.00042449133350081316,-1.989131773534082e-05
0.011563383160907938,-0.021587017894264267,-0.006954368816156756,-0.008929554889989245,0.004248600018104827,-0.009404692812938122,0.016567426598764465,-0.03738921105424221
-0.0022353737632071014,5.695875025256509e-05,8.550080136908032e-06,0.000622538599701968,-0.0017712259407068269,-0.001875647529114339,0.012461962357457106,0.0010735271069793834
-0.012216685484508522,-0.0493940027296093,0.0032520143093458047,0.003343649975486654,0.009637356662069827,-0.011313407159403394,-0.006654354761959615,-0.02056320911038692
0.0019008815592560702,0.00016629788278715773,0.00012689551931601095,0.0016316488502999148,-0.0023010212297998505,-0.00047636861651592546,0.0026842770518627763,-0.00485141754091165
0.013813772396107229,0.010721198737324841,0.0034608672511875424,0.015003534470116427,0.014103163006003136,0.01201071301308921,-0.00919869342296924,0.013961969209517236
5.2897921658943275e-05,-7.063790114408305e-05,0.00024273479810168807,-0.0013614451146618503,9.5773561861629e-05,-0.0005394896968396882,-0.0007903896992570097,0.004473518162511994
-0.013929076296402196,-0.01673802927200702,0.007514444175104496,0.005895602359605592,0.008027737916452931,0.018118672306929415,0.01323226839294394,-0.0061179986222144765
-0.00012830550025197713,3.177936012257739e-05,-0.00024931043700908873,0.0002119644891027533,-0.00026654090696940567,9.348868928218959e-05,0.0009524931267224844,-0.0015530005189322883
0.0558458934745406,0.03741737198001478,0.011487939922122842,0.006154023497598391,0.046592725896218844,0.011230732737536346,0.018945962861357614,0.012311635681232343
0.0015211152069758884,-0.00020290569563853145,-0.0024839371958358717,0.0033214727436232418,0.004688649432368403,0.0011973111276780838,0.0005258255478854336,0.0014149338002178238
-0.053317727175540085,-0.06868625075432991,0.0067110376928010765,-0.024626768184622727,0.054081708378766746,-0.010869760896642803,-0.04004384728030046,-0.005006019760974484
-0.001122474247613541,0.00021350276550807508,-0.000440539974146798,-0.00540268603963375,-0.00994091920731435,-0.0027351012149617496,-0.00019367765881357982,0.0014014495790997765
-0.02218431165389949,-0.01898821684032454,-0.006884029941502954,0.008457083995178605,-0.009526642366636424,0.021205563906695393,-0.011240487661905666,-0.03298129735801007
-0.01385987717472785,5.769068480509042e-05,-0.0031335783565239477,0.0022603919247978412,-0.013234729742107511,-0.005377681352261176,-0.0036552382097438754,-0.01263200424141675
0.018857252688003964,-0.0039863051594403,0.0036279221799914796,0.02504118407481508,0.0180682280807392,0.02759239586675942,0.013913427753959758,0.015723147844671097
0.012120899712797624,-1.1850886886412797e-06,-0.001503484530114931,0.005711090047861915,0.0032103410492301428,0.004708741118364857,0.003636020411773495,0.007503457386575359
0.024044857198190425,-0.0009358783820048507,-0.00027723092313181757,0.011241852860546105,0.019017330036482795,0.005816178040354305,0.02037447744304182,-0.03116132206567435
-0.0011445529730428408,-3.495220828731653e-05,-0.00021425399218994327,5.089587943802568e-05,-0.0017781792021472574,-0.0005537008839864469,0.00981474554379151,-0.0035368200973179805
-0.024096749118695818,-0.05097097692061858,0.005034956833616605,-0.0008464799454477789,0.031295492440462466,-0.0047770012580676665,-0.043654777799882416,0.012543036825313311
0.0009472276638182193,0.00016333620684624617,-1.1892333836638564e-05,-0.0009844685555661405,-0.005846408058141952,-0.0009375064537358539,-0.0067829920853555315,0.0011850657730144614
0.055034144337754456,-0.008804994642132746,0.005572012551645588,0.003422247127620147,0.0050841717259993615,0.02419317811378905,-0.01461697341905848,0.00677768520066427
0.0001402709396350888,-2.565658255653485e-05,-0.002183910925888182,0.002310753605892159,0.00212897282290242,-0.00022715758316443029,-0.007295128038413605,0.004496072966641961
-0.05262329202116481,-0.11584677107949568,-0.07752385772650659,-0.02367480581979082,-0.04186377788601005,-0.014472684374618697,-0.0212828218724266,-0.012122050835027735
-6.068198489207604e-05,0.00038905041447263617,0.0005982066921184461,1.288273668513854e-06,-0.0026888641121733917,0.003430579104786875,-0.0033874093534311364,0.002429003315156097
0.03376335834714074,0.0052328058625717225,0.0030187992421858573,0.03549109638915847,-0.005271574459398354,-0.0318592754785958,0.028335191347073678,0.00982198180422883
0.007265640555289294,-7.101310138249041e-05,0.028379171196939224,0.007930805866055232,0.0029924480342194467,0.0019444703156152113,0.02157387970418815,0.011415529424233396
-0.03293840743719064,-0.04718951372366305,-0.011874510000293586,0.040732295056359565,0.009641422778084205,-0.00350756731400161,0.06262501346829348,0.01520833776931621
-0.00681115491937403,0.0001316376220508166,0.004192102992683728,0.008137282718334745,-0.012433277724668018,-0.000621740479386797,0.01160575583903447,0.00651602458540087
0.016426042982187566,-0.020246410402434772,0.017300229508532772,-0.013236929165188566,-0.00282591024715694,-0.013351450222990167,-0.011123053484150366,-0.014902665648703479
-0.004343700689219217,4.068229050256219e-05,0.009607362742509468,-0.004590270025879478,-0.00438249665066408,-0.0018675176242052055,-0.0008506840627819472,-0.005676523249364639
-0.017350773495987286,-0.06178205562067605,-0.017659022009343377,-0.020093420007517657,0.021295199394016025,0.0039385041188606746,0.003576722843278776,0.04007821819634895
0.003575209799267975,0.00020076403892333561,0.0005541781812817854,-0.009328271425365381,-0.003851770767004964,0.0035347059633748486,0.00045466246749257286,0.0003762705121638602
0.0416317529678793,0.012507077844666696,0.02953326545966423,0.010788780427977903,0.020040664730295227,-0.005865389219750864,0.03023715128440494,-0.013450329042715765
-0.0010650460542074843,-9.630130082225397e-05,0.0022488285659521224,0.00045691905503455425,-0.0042536057332375945,-0.0014094345424070212,0.007619048867347072,-0.019156341604245952
-0.04026987472801107,-0.07094987762253245,-0.018381910465307114,0.008571963767616864,-0.0110175819056225,-0.013006120078380742,-0.0031878836058814378,-0.02326383498918739
0.0008144424194371106,0.00022785940151358617,0.000110407156312658,0.0014193137958598851,-0.006573821152340312,-0.0007197005749694482,0.0028849733827789985,-0.008099562494770554
0.02594003730327567,-0.011123387237194407,-0.02156504040800383,-0.0029117316750894955,0.005584129721688937,0.0038625949808056737,0.0045066151970089945,-0.00474224164350875
-0.002212571004718417,-5.416849027835882e-06,-0.002873365834454208,-0.0016845928682271121,-0.0049289041614820756,4.617878293219652e-05,-0.0038807459134301454,-1.656349864581977e-05
-0.025815179488431154,-0.0668430295412792,-0.04152383158328428,0.025893434944712034,0.027255506591853128,-0.006190040564957599,0.013557617516830506,-0.011340640141777096
0.0019706504389832838,0.00021337908229587373,0.0009990137960476406,0.00039011616777810736,-0.0018172571678330078,0.0018468337515076191,0.0014548286908316207,-0.003330820680750515
0.040573811745391444,-0.046211041111668905,-0.058936783035559735,-0.03104920619384769,0.037838938589728185,-0.010699100739870949,-0.01274754381715536,-0.007292963514134627
0.007595209883220627,0.00012585680742851897,0.011048515441232271,-0.00696877983389933,0.012982611598512207,0.003507791898331371,0.01408402260333633,0.00631445966044525
-0.039110490448379824,-0.11082981424662104,-0.0342343668085721,-0.03879054393608648,0.05747117369722678,-0.024657255477521824,-0.03162562689939829,-0.005686336412436141
-0.007214913178363323,0.0003812628046636758,0.0009253790559268207,-0.00749563056854044,0.009311917807524498,-0.0021835112018586855,0.0004262527023124479,0.002244108567826247
0.00889517107823927,-0.0029671193648658136,0.026800824944989494,0.013876938859626072,0.028253767889699077,-0.015888481853198293,0.002237113765888537,0.007025254334647784
-0.009245378647570673,-1.8994710421116518e-05,0.014453493659283558,0.005184629960442494,-0.007983888300889306,-6.534756534443457e-05,0.0019619564825705655,0.0035810867457888307
-0.010183940622152396,-0.03923932041143258,-0.022807898975811185,0.02171815279508016,0.024126477746717778,0.007251953502254859,0.018319160368152513,0.033102960927694595
0.008084574782633962,0.00011786937360842967,0.007432764028371729,0.009857671502674038,-0.0009411431640564613,0.0055579547744561,0.0066327656348909945,0.01341356155018706
0.0390145454779036,-0.00653139810276988,-0.0033394178701766416,-0.008589633044352559,0.0494537915443043,-0.0016997402215604392,-0.0028949629627012495,0.016596614749596464
-0.00011294383922772237,-2.2243897677894716e-05,0.0023317870921396957,0.0001910389332850271,-0.00395153374728586,-0.0006710024645227391,0.0003909093046280841,-0.009623705789829061
-0.038698644148419475,-0.08377715758373322,-0.027598813422865055,-0.006618011635146316,0.08217130149936655,-0.010405139683015291,-0.0454469942863687,0.020174354418743132
-0.0002768300409036748,0.00028130004600590124,0.0002784819119559861,-0.0008899410012101898,0.0018561937521599874,-0.0022915146156036667,-0.012432121174932071,0.0009521799774599368
0.0001502459165488544,0.01048424950308038,0.0203283133520931,0.025097164953524133,0.018223903578433495,0.022597903725529576,-0.027861047270221078,0.03867495389277419
0.0024236289723684433,-5.62120647349039e-05,9.925434932883822e-05,0.001139130208992468,0.0017266987000599569,-0.001562543334046758,-0.0013676535107360007,-0.0009186876162889677
0.0002238410868547966,0.015320687386244598,0.010083067855300835,0.053643377652026175,0.03446051385801262,0.030104143368217783,0.003312851455949643,0.045988308971393554
-0.0023551137555783363,-7.211207982343023e-05,0.001984909002028862,-0.00028790568027864947,0.0018249839261815799,-0.002304367175537607,-0.007446490864731916,0.006042480962385132
0.05935256999553887,0.08341453911338959,-0.011025654869922363,0.04997508822129824,0.06452564192214998,0.04553976995529575,0.050958239300120556,0.024821487841462753
-0.0084694036472644,-0.00036645429819826995,-0.0024583348819271094,0.005838144131135167,-0.002088275513813886,0.009076861815540365,0.004211101215832998,0.0020004701793726555
-0.05533078347234459,-0.046974935306421786,-0.0011351817561706945,0.008086657152473205,-0.04229656635662863,-0.004607615359405966,-0.03262481061189818,-0.007233163955410727
0.007730186156784477,0.0001270145539226707,0.0013736025662326535,0.008467044817408401,0.0030750552233739133,0.00967129873554938,0.019110596393832745,0.008615838219660525
0.014938700607868567,-0.12777778251781177,-0.025094166213026355,0.0015227202036952464,-0.014625759381903476,-0.05222474446591646,-0.041872285334447465,-0.09496975259878923
0.012464981953578041,0.00048155203667102657,0.0017307313374166516,0.002306189165908255,-0.006590383035011113,0.02086473115477813,0.0015431204668979585,0.004236402014445678
-0.014487130295474132,-0.1324224701755305,-0.013447501782032224,-0.01896813578813198,-0.05798827665929132,-0.08026720271367822,-0.047830700831605066,-0.11715582359381854
-0.012302339586037464,0.000495373742679489,-2.256866855826576e-05,-0.0030557618706100035,-0.0014013329821370556,-0.011790358149577056,-0.005082882075520492,-0.008791008218548944
0.012742668646608103,-0.0001845311277868765,-0.004824472823732368,0.02053577256921724,0.019938933058150997,0.02117701616738106,0.0849240349482182,-0.06084618493777659
0.0022629012964613905,-1.6449344073399588e-05,0.0005547478743897392,0.0035308349454001584,0.00038890791500407204,0.007230166590401493,0.0002481879787942852,0.00028187259543463504
-0.012567993604623627,-0.020805081416069748,0.0018160266414534304,0.014886545160332207,0.0008815706558103296,0.017737708215100522,0.08308078810317157,-0.00352814551799838
-0.002351053860360612,5.9707462053437784e-05,0.00018042467160837237,0.0010856875326112712,0.0012061627788656963,-0.0001207649762852689,0.013775551819169337,-0.013916304325148367
0.029318451422895495,-0.032755344054505024,0.00026113380896674926,-0.020065368351568996,-0.015976109684444482,-0.031221434315902116,-0.012065129876263719,0.02435281940953745
0.0008964853150439239,8.729101103865441e-05,0.0005595921197039333,-0.0006403064627417054,-0.0007538445655784539,-0.0001371653218184245,0.0013763545013530357,-0.0006807912361129147
-0.027287797731587883,-0.0873039391789096,-0.007370119051436393,-0.04819899997785629,-0.04813867015821347,-0.053976875484035805,-0.019749509690229792,0.005987055170267489
-0.0009547849447096651,0.0002936747813638311,0.0010992785612874243,0.0008601301161803694,0.0017344164744411048,-0.001174253773539214,-0.0026843353193115103,0.003894688013951198
0.018564985473984472,0.0003955299510854885,-0.0019633192291501427,-0.043796530215151015,0.010867554244599892,-0.02993586943679635,0.01814507156272178,0.006162062816382371
-0.0055807058170128975,-4.5544437248932194e-05,-0.0007124771271659635,-0.004593555282060603,-0.003021065206475259,-0.0027900877593356956,-0.0016971535135395653,-9.549518075020877e-05
-0.017745575314090704,-0.04655586179781364,-0.0019354933771777397,-0.007312168604167749,0.022226346350577905,0.020816696791030022,0.03075638011516387,0.001468860358981359
0.005244338576665427,0.00013866899560546197,0.00043247230846143726,-0.007339200006157927,-0.000436983491557282,0.006746133746292224,0.006918471319227802,0.003543794545001341
-0.006726809801245973,-0.12472041839017087,-0.03181993326242363,0.0006475045874475213,-0.06455083263395368,-0.06444070565748664,-0.0300236418237744,-0.06500456939318056
0.007017250945696014,0.0004617287315628852,0.0005277628904971699,-0.0016462138830885022,-0.009047611132195037,0.015112288680160894,0.001957830371094368,0.0023013320173591477
0.0042259173853339375,-0.09966024295209089,-0.010474381101289988,0.02053520668554294,-0.04005659665846118,-0.08814271085274615,-0.023807523747526583,-0.015811357291387277
-0.007187360837739111,0.00036456519962781186,-0.000723252978304792,0.0035545448365736205,-0.0019406038844564915,-0.014986677520173668,-0.0031783550960094754,-0.005476530256258274
0.007202589525790149,-0.030953268466848365,-0.005266267629432078,-0.016650830074544997,-0.007935798705025667,-0.0209601233736241,0.060461291431376775,-0.022920594170170006
-0.00012238698885725692,9.274669663800163e-05,9.409904991909026e-06,-0.0027778343185892044,-0.0019614660000516287,0.0028150866918039683,-0.0016933683320019054,0.002308937384518184
-0.007738691293452492,-0.04589830727544786,0.001419296314517025,-0.011930676051440946,-0.006161743396886419,0.0016470228255975284,0.040783401501801944,-0.006244516658738515
-5.8875070951615576e-05,0.00015250062518678225,-0.0005297502746301407,-0.000545514656650446,-0.0005662997942163668,0.00040301240309914164,0.007438569902235019,-0.004813305365502947
-0.035119382915705426,-0.12292309901691177,-0.11574338951375242,-0.04025769208217318,-0.06541530154077074,-0.09125620991947289,-0.07614128832307139,-0.03729342501247959
0.008375420995116182,0.00045181867908946504,-0.0020570692527001654,0.0023497857868270654,0.009762013596334424,-0.0010809659800013762,-0.004832556960461348,0.0026970723576019095
0.03361571563207806,-0.038214025349989536,-0.0573271316330672,-0.003540855567026228,0.020607285052983218,0.046470462498822036,-0.00979323116731162,0.00829106472356872
-0.007914085330871633,0.00013628747224044495,-0.011682178198041179,-0.0035147618254907356,0.003588987274842966,-0.013511782693510725,-0.008078406672491767,0.002231286592802981
0.08761106574252978,0.1254729504676644,0.04460260074001808,0.07407557410419065,0.08951400424688083,0.08025841676813757,0.1943779567230561,0.043686737687166036
0.0034733958804154816,-0.0005454330582274272,0.01093253061370929,0.01081432179062947,0.0006796630173972005,-0.006652401999589109,0.016293386863773053,0.007412360248222389
-0.08468357128972434,-0.039250074455849715,-0.0031182097106009932,0.0005500916162501576,0.10324102388213018,0.0030172536848089623,0.019696278298778267,0.0006564921642649379
-0.0034597670137955444,9.301615630155779e-05,-0.008368284636390841,0.00502466832203835,-0.005861574747561688,-0.0020749802141388075,0.022403880583519428,0.006229346531713313
0.047989549933641795,0.014488066911049306,0.10705894010491782,-0.02007375160557754,0.07906907160060939,0.027459615285341812,0.000963137790964963,0.09728667767974675
0.007557391658439671,-9.022072763180668e-05,-0.008953784537803133,-0.0011769403187030997,0.007561384785108873,0.00407816755250831,-0.0004718343404652007,-0.0006760302848542205
-0.04607700446655759,-0.0645927646005362,0.05406488103905535,-0.012527558928513156,0.06409618001764206,-0.015540168294831853,-0.01760335399513373,-0.01993048553218786
-0.007120326494403221,0.00021778400813916951,-0.0006174811570054386,-0.005372359206024347,-0.003566647993577609,-0.013116237501241718,-0.004382319676825095,0.00046997212349177576
0.03371606493406255,0.030903778045924306,0.023684126215922724,0.019006278566572773,0.041138811196515204,0.016737284524402426,0.024114950795341566,-0.0691005916623586
0.0016697638433074312,-0.0001577928156098702,-0.0021663057312028174,0.002097110464981597,0.0028865555010497506,0.0027350474857010323,0.0061966954410583594,-0.010418156436944593
-0.033033597098682047,-0.03232991545977897,-0.011114374100404362,0.012357245930673572,0.02628486602849781,0.024748519328918306,0.03286535137669766,-0.006585862185750172
-0.0015983894620649156,9.002240605912228e-05,-0.0011948270825345281,-0.0012692982110535465,-0.002758106179752404,-0.0017228603258783387,0.013695774952168999,-0.007936160564614981
0.00207576263298917,-0.03803412543402107,-0.009457872621324009,0.040932471048288475,-0.02342281558365246,-0.02406265111928503,-0.01171063409950514,-0.028080914752926567
0.0026328222004182835,0.00010959146688244076,-0.0038583324752269757,-0.0016912518778090112,0.0027562111282236307,-0.0008533208044215559,-0.0003312946765927135,-0.00011335673065518261
-0.0013009681066143454,-0.03640991649970235,0.036140392933152674,0.005537478276048432,-0.015746517595515565,0.014263199387054993,-0.0072164111745930655,0.0048420269702266015
-0.0023711202996726825,0.0001065886407137461,-0.006471318273980861,0.003729764335770045,-0.0050939440415083675,-0.008239829779638799,-0.003612382474294785,0.0007032011636101869
0.016478825486129795,0.005364779308401079,0.006327298099582795,-0.06703368261346605,0.023699319257013133,0.026849637372211896,0.036509191098504076,0.00551535986936324
-0.001999857049518504,-6.377305975557126e-05,0.002590662221744753,-0.009705103769291984,-0.003544101835561971,-0.010708920276839836,0.0043162612523563095,0.0012835364604984467
-0.01659867078282466,-0.03157172553916055,0.009588188470675926,-0.0013420243381068314,0.07017052058236317,0.059498288559377846,0.011302648494065202,0.00992680851761888
0.0020094742391544374,8.654965031020642e-05,-0.0030801014476332282,-0.0045522630549991346,-0.009782419427105449,0.0024192309732269986,0.010048447243418149,0.0018819809997541932
0.0550397904362764,0.052331628299515924,0.14218511579339865,0.020902975516052823,0.10778554160058891,0.038785442751949416,0.019861920345971014,0.06628575193046839
0.0033496012827186087,-0.00024113242585129942,-0.00322209590078159,0.001805313716241173,0.003238465790260517,-0.0009123083400086234,0.0008138082213403066,0.003536832326469031
-0.05336828920710748,-0.04922373886412544,0.044169861124568395,0.01410764294993269,0.08011216558717676,-0.027403089835589638,-0.00246261231463907,-0.005822655250158806
-0.0031112344963640085,0.00015074427480863176,0.0032706642347689564,0.0058267772026801955,-0.010438125720744401,-0.01907979520949534,-0.002679848002865989,0.00289649694174275
0.027320877425602186,-0.0006374100427642198,0.025180117545548192,-0.016242537941864303,0.024115956811706668,0.005032530486486232,-0.03321181027971978,-0.001411529270941837
-0.0015740951754644422,-3.745143397290814e-05,9.7385252771226e-06,-0.0014901765731299942,-0.001296732758429244,0.00015207264722325264,0.0009127969298080037,0.00038515829714133164
-0.02716433028211164,-0.05796131179889519,-0.0076782453989739,-0.01062711625273273,0.03411745620185444,0.019555112943640644,-0.0016134710046598376,-0.01840779206144555
0.0014915301420247865,0.00018947983509916497,0.0024726917452386602,0.0014771933736964379,-0.004447091642963128,0.001761072015307503,0.006945601802173552,3.989686521336925e-05
